

123456789012345678901234567890123456789012345678901234567890123456789012345678901234567890123456789012345678901234567890
         0         0         0         0         0         0         0         0         0         0         0         0 
        10        20        30        40        50        60        70        80        90       100       110       120 
123456789012345678901234567890123456789012345678901234567890123456789012345678901234567890123456789012345678901234567890

123456789012345678901234567890123456789012345678901234567890123456789012345678901234567890123456789012345678901234567890
         0         0         0         0         0         0         0         0         0         0         0         0 
        10        20        30        40        50        60        70        80        90       100       110       120 
123456789012345678901234567890123456789012345678901234567890123456789012345678901234567890123456789012345678901234567890

123456789012345678901234567890123456789012345678901234567890123456789012345678901234567890123456789012345678901234567890
         |         |         |         |         |         |         |         |         |         |         |         | 
        10        20        30        40        50        60        70        80        90       100       110       120 
         |         |         |         |         |         |         |         |         |         |         |         | 
123456789012345678901234567890123456789012345678901234567890123456789012345678901234567890123456789012345678901234567890

